ni_Zn_top: -6983.266394548235
ni_Zn_double: -6983.279061561871
ni_Zn_single: -6983.269613855927
ni: -5204.455811711983
